2008 10 1 11
2008 10 2 9
2008 10 3 8
2008 10 4 11
2008 10 5 17
2008 10 6 53
2008 10 7 56
2008 11 1 13
2008 11 2 9
2008 11 3 17
2008 11 4 13
2008 11 5 36
2008 11 6 68
2008 11 7 78
2008 12 1 8
2008 12 2 18
2008 12 3 20
2008 12 4 28
2008 12 5 25
2008 12 6 83
2008 12 7 70
2008 13 1 8
2008 13 2 13
2008 13 3 27
2008 13 4 20
2008 13 5 31
2008 13 6 114
2008 13 7 102
2008 14 1 69
2008 14 2 56
2008 14 3 16
2008 14 4 15
2008 14 5 40
2008 14 6 88
2008 14 7 115
2008 15 1 23
2008 15 2 20
2008 15 3 17
2008 15 4 16
2008 15 5 33
2008 15 6 88
2008 15 7 80
2008 16 1 17
2008 16 2 24
2008 16 3 29
2008 16 4 11
2008 16 5 47
2008 16 6 107
2008 16 7 132
2008 17 1 20
2008 17 2 27
2008 17 3 21
2008 17 4 29
2008 17 5 60
2008 17 6 125
2008 17 7 116
2008 18 1 27
2008 18 2 14
2008 18 3 109
2008 18 4 66
2008 18 5 66
2008 18 6 119
2008 18 7 77
2008 19 1 39
2008 19 2 17
2008 19 3 31
2008 19 4 25
2008 19 5 38
2008 19 6 98
2008 19 7 116
2008 20 1 37
2008 20 2 24
2008 20 3 22
2008 20 4 56
2008 20 5 56
2008 20 6 120
2008 20 7 150
2008 21 1 32
2008 21 2 39
2008 21 3 45
2008 21 4 50
2008 21 5 51
2008 21 6 101
2008 21 7 128
2008 22 1 29
2008 22 2 22
2008 22 3 51
2008 22 4 33
2008 22 5 63
2008 22 6 185
2008 22 7 185
2008 23 1 28
2008 23 2 26
2008 23 3 37
2008 23 4 46
2008 23 5 62
2008 23 6 106
2008 23 7 111
2008 24 1 58
2008 24 2 39
2008 24 3 31
2008 24 4 46
2008 24 5 55
2008 24 6 103
2008 24 7 133
2008 25 1 20
2008 25 2 34
2008 25 3 36
2008 25 4 21
2008 25 5 78
2008 25 6 96
2008 25 7 108
2008 26 1 21
2008 26 2 29
2008 26 3 37
2008 26 4 46
2008 26 5 52
2008 26 6 121
2008 26 7 146
2008 27 1 177
2008 27 2 71
2008 27 3 40
2008 27 4 36
2008 27 5 42
2008 27 6 88
2008 27 7 133
2008 28 1 23
2008 28 2 18
2008 28 3 29
2008 28 4 46
2008 28 5 43
2008 28 6 105
2008 28 7 106
2008 29 1 29
2008 29 2 40
2008 29 3 30
2008 29 4 36
2008 29 5 48
2008 29 6 130
2008 29 7 158
2008 2 5 4
2008 2 6 19
2008 2 7 15
2008 30 1 26
2008 30 2 20
2008 30 3 29
2008 30 4 35
2008 30 5 68
2008 30 6 116
2008 30 7 132
2008 31 1 28
2008 31 2 24
2008 31 3 50
2008 31 4 158
2008 31 5 79
2008 31 6 104
2008 31 7 121
2008 32 1 22
2008 32 2 21
2008 32 3 37
2008 32 4 68
2008 32 5 91
2008 32 6 74
2008 32 7 88
2008 33 1 21
2008 33 2 30
2008 33 3 30
2008 33 4 21
2008 33 5 57
2008 33 6 93
2008 33 7 92
2008 34 1 22
2008 34 2 20
2008 34 3 51
2008 34 4 20
2008 34 5 49
2008 34 6 89
2008 34 7 147
2008 35 1 41
2008 35 2 31
2008 35 3 26
2008 35 4 35
2008 35 5 53
2008 35 6 143
2008 35 7 435
2008 36 1 105
2008 36 2 25
2008 36 3 27
2008 36 4 31
2008 36 5 38
2008 36 6 94
2008 36 7 108
2008 37 1 33
2008 37 2 43
2008 37 3 60
2008 37 4 24
2008 37 5 49
2008 37 6 129
2008 37 7 124
2008 38 1 87
2008 38 2 42
2008 38 3 42
2008 38 4 58
2008 38 5 72
2008 38 6 203
2008 38 7 173
2008 39 1 35
2008 39 2 40
2008 39 3 34
2008 39 4 61
2008 39 5 82
2008 39 6 86
2008 39 7 154
2008 3 1 16
2008 3 2 10
2008 3 3 13
2008 3 4 18
2008 3 5 25
2008 3 6 61
2008 3 7 46
2008 40 1 62
2008 40 2 359
2008 40 3 141
2008 40 4 82
2008 40 5 76
2008 40 6 99
2008 40 7 196
2008 41 1 65
2008 41 2 106
2008 41 3 49
2008 41 4 48
2008 41 5 105
2008 41 6 129
2008 41 7 154
2008 42 1 44
2008 42 2 45
2008 42 3 92
2008 42 4 66
2008 42 5 70
2008 42 6 150
2008 42 7 171
2008 43 1 57
2008 43 2 38
2008 43 3 55
2008 43 4 41
2008 43 5 88
2008 43 6 187
2008 43 7 186
2008 44 1 45
2008 44 2 59
2008 44 3 63
2008 44 4 106
2008 44 5 471
2008 44 6 296
2008 44 7 170
2008 45 1 66
2008 45 2 34
2008 45 3 64
2008 45 4 52
2008 45 5 80
2008 45 6 176
2008 45 7 166
2008 46 1 63
2008 46 2 126
2008 46 3 79
2008 46 4 56
2008 46 5 83
2008 46 6 190
2008 46 7 236
2008 47 1 46
2008 47 2 55
2008 47 3 59
2008 47 4 71
2008 47 5 88
2008 47 6 164
2008 47 7 181
2008 48 1 36
2008 48 2 44
2008 48 3 59
2008 48 4 44
2008 48 5 86
2008 48 6 155
2008 48 7 495
2008 49 1 87
2008 49 2 37
2008 49 3 45
2008 49 4 48
2008 49 5 77
2008 49 6 166
2008 49 7 184
2008 4 1 8
2008 4 2 18
2008 4 3 12
2008 4 4 11
2008 4 5 19
2008 4 6 53
2008 4 7 39
2008 50 1 50
2008 50 2 39
2008 50 3 38
2008 50 4 44
2008 50 5 81
2008 50 6 171
2008 50 7 187
2008 51 1 69
2008 51 2 54
2008 51 3 38
2008 51 4 53
2008 51 5 85
2008 51 6 199
2008 51 7 200
2008 52 1 34
2008 52 2 58
2008 52 3 141
2008 52 4 221
2008 52 5 106
2008 52 6 134
2008 52 7 185
2008 5 1 14
2008 5 2 9
2008 5 3 18
2008 5 4 22
2008 5 5 16
2008 5 6 29
2008 5 7 17
2008 6 1 15
2008 6 2 12
2008 6 3 8
2008 6 4 23
2008 6 5 5
2008 6 6 15
2008 6 7 14
2008 7 1 13
2008 7 2 21
2008 7 3 15
2008 7 4 44
2008 7 5 37
2008 7 6 32
2008 7 7 31
2008 8 1 13
2008 8 2 5
2008 8 3 13
2008 8 4 26
2008 8 5 12
2008 8 6 41
2008 8 7 52
2008 9 1 13
2008 9 2 12
2008 9 3 16
2008 9 4 24
2008 9 5 53
2008 9 6 62
2008 9 7 57
2009 10 1 47
2009 10 2 46
2009 10 3 33
2009 10 4 39
2009 10 5 95
2009 10 6 183
2009 10 7 199
2009 11 1 34
2009 11 2 49
2009 11 3 50
2009 11 4 47
2009 11 5 72
2009 11 6 220
2009 11 7 214
2009 12 1 43
2009 12 2 37
2009 12 3 70
2009 12 4 65
2009 12 5 131
2009 12 6 210
2009 12 7 244
2009 13 1 62
2009 13 2 62
2009 13 3 64
2009 13 4 91
2009 13 5 138
2009 13 6 254
2009 13 7 268
2009 14 1 56
2009 14 2 344
2009 14 3 162
2009 14 4 87
2009 14 5 87
2009 14 6 178
2009 14 7 245
2009 15 1 127
2009 15 2 68
2009 15 3 69
2009 15 4 66
2009 15 5 138
2009 15 6 259
2009 15 7 238
2009 16 1 82
2009 16 2 67
2009 16 3 121
2009 16 4 73
2009 16 5 108
2009 16 6 240
2009 16 7 266
2009 17 1 85
2009 17 2 64
2009 17 3 81
2009 17 4 92
2009 17 5 112
2009 17 6 316
2009 17 7 296
2009 18 1 77
2009 18 2 76
2009 18 3 92
2009 18 4 431
2009 18 5 232
2009 18 6 189
2009 18 7 324
2009 19 1 99
2009 19 2 94
2009 19 3 59
2009 19 4 107
2009 19 5 124
2009 19 6 263
2009 19 7 272
2009 1 1 50
2009 1 2 75
2009 1 3 476
2009 1 4 295
2009 1 5 96
2009 1 6 149
2009 1 7 87
2009 20 1 87
2009 20 2 112
2009 20 3 92
2009 20 4 82
2009 20 5 165
2009 20 6 251
2009 20 7 303
2009 21 1 88
2009 21 2 73
2009 21 3 138
2009 21 4 86
2009 21 5 150
2009 21 6 265
2009 21 7 305
2009 22 1 94
2009 22 2 101
2009 22 3 120
2009 22 4 123
2009 22 5 201
2009 22 6 322
2009 22 7 467
2009 23 1 181
2009 23 2 62
2009 23 3 76
2009 23 4 51
2009 23 5 139
2009 23 6 233
2009 23 7 269
2009 24 1 59
2009 24 2 74
2009 24 3 121
2009 24 4 71
2009 24 5 170
2009 24 6 256
2009 24 7 266
2009 25 1 90
2009 25 2 81
2009 25 3 79
2009 25 4 94
2009 25 5 137
2009 25 6 334
2009 25 7 279
2009 26 1 93
2009 26 2 66
2009 26 3 85
2009 26 4 91
2009 26 5 146
2009 26 6 259
2009 26 7 357
2009 27 1 86
2009 27 2 355
2009 27 3 102
2009 27 4 62
2009 27 5 93
2009 27 6 208
2009 27 7 253
2009 28 1 47
2009 28 2 66
2009 28 3 58
2009 28 4 59
2009 28 5 151
2009 28 6 254
2009 28 7 313
2009 29 1 62
2009 29 2 74
2009 29 3 121
2009 29 4 80
2009 29 5 124
2009 29 6 252
2009 29 7 285
2009 2 1 51
2009 2 2 24
2009 2 3 43
2009 2 4 40
2009 2 5 55
2009 2 6 171
2009 2 7 163
2009 30 1 101
2009 30 2 61
2009 30 3 170
2009 30 4 78
2009 30 5 129
2009 30 6 260
2009 30 7 274
2009 31 1 42
2009 31 2 83
2009 31 3 80
2009 31 4 106
2009 31 5 449
2009 31 6 262
2009 31 7 226
2009 32 1 55
2009 32 2 57
2009 32 3 79
2009 32 4 75
2009 32 5 110
2009 32 6 281
2009 32 7 260
2009 33 1 103
2009 33 2 57
2009 33 3 70
2009 33 4 82
2009 33 5 115
2009 33 6 339
2009 33 7 308
2009 34 1 70
2009 34 2 77
2009 34 3 87
2009 34 4 135
2009 34 5 128
2009 34 6 309
2009 34 7 324
2009 35 1 64
2009 35 2 99
2009 35 3 175
2009 35 4 111
2009 35 5 156
2009 35 6 317
2009 35 7 375
2009 36 1 393
2009 36 2 99
2009 36 3 51
2009 36 4 60
2009 36 5 100
2009 36 6 270
2009 36 7 281
2009 37 1 73
2009 37 2 39
2009 37 3 85
2009 37 4 105
2009 37 5 118
2009 37 6 312
2009 37 7 301
2009 38 1 55
2009 38 2 109
2009 38 3 80
2009 38 4 87
2009 38 5 129
2009 38 6 319
2009 38 7 368
2009 39 1 53
2009 39 2 69
2009 39 3 86
2009 39 4 79
2009 39 5 194
2009 39 6 326
2009 39 7 218
2009 3 1 43
2009 3 2 34
2009 3 3 32
2009 3 4 59
2009 3 5 69
2009 3 6 154
2009 3 7 176
2009 40 1 93
2009 40 2 83
2009 40 3 449
2009 40 4 174
2009 40 5 138
2009 40 6 179
2009 40 7 173
2009 41 1 129
2009 41 2 153
2009 41 3 215
2009 41 4 258
2009 41 5 110
2009 41 6 215
2009 41 7 196
2009 42 1 78
2009 42 2 63
2009 42 3 88
2009 42 4 122
2009 42 5 175
2009 42 6 315
2009 42 7 330
2009 43 1 92
2009 43 2 112
2009 43 3 114
2009 43 4 118
2009 43 5 155
2009 43 6 334
2009 43 7 371
2009 44 1 86
2009 44 2 95
2009 44 3 104
2009 44 4 113
2009 44 5 235
2009 44 6 733
2009 44 7 472
2009 45 1 74
2009 45 2 76
2009 45 3 80
2009 45 4 76
2009 45 5 129
2009 45 6 370
2009 45 7 321
2009 46 1 69
2009 46 2 118
2009 46 3 244
2009 46 4 139
2009 46 5 167
2009 46 6 343
2009 46 7 393
2009 47 1 66
2009 47 2 68
2009 47 3 117
2009 47 4 93
2009 47 5 206
2009 47 6 351
2009 47 7 402
2009 48 1 77
2009 48 2 76
2009 48 3 117
2009 48 4 137
2009 48 5 212
2009 48 6 402
2009 48 7 461
2009 49 1 407
2009 49 2 123
2009 49 3 67
2009 49 4 81
2009 49 5 166
2009 49 6 368
2009 49 7 360
2009 4 1 34
2009 4 2 58
2009 4 3 49
2009 4 4 44
2009 4 5 54
2009 4 6 69
2009 4 7 50
2009 50 1 80
2009 50 2 73
2009 50 3 87
2009 50 4 112
2009 50 5 161
2009 50 6 376
2009 50 7 355
2009 51 1 61
2009 51 2 91
2009 51 3 110
2009 51 4 120
2009 51 5 181
2009 51 6 377
2009 51 7 446
2009 52 1 83
2009 52 2 100
2009 52 3 140
2009 52 4 231
2009 52 5 466
2009 52 6 457
2009 52 7 389
2009 53 1 95
2009 53 2 102
2009 53 3 146
2009 53 4 545
2009 53 5 397
2009 53 6 214
2009 53 7 331
2009 5 1 75
2009 5 2 32
2009 5 3 37
2009 5 4 23
2009 5 5 64
2009 5 6 257
2009 5 7 88
2009 6 1 33
2009 6 2 29
2009 6 3 22
2009 6 4 25
2009 6 5 34
2009 6 6 90
2009 6 7 108
2009 7 1 63
2009 7 2 57
2009 7 3 28
2009 7 4 50
2009 7 5 75
2009 7 6 304
2009 7 7 230
2009 8 1 44
2009 8 2 36
2009 8 3 36
2009 8 4 36
2009 8 5 102
2009 8 6 159
2009 8 7 148
2009 9 1 32
2009 9 2 35
2009 9 3 39
2009 9 4 39
2009 9 5 77
2009 9 6 397
2009 9 7 198
2010 10 1 84
2010 10 2 67
2010 10 3 86
2010 10 4 59
2010 10 5 133
2010 10 6 300
2010 10 7 356
2010 11 1 111
2010 11 2 74
2010 11 3 94
2010 11 4 123
2010 11 5 152
2010 11 6 458
2010 11 7 402
2010 12 1 95
2010 12 2 100
2010 12 3 112
2010 12 4 126
2010 12 5 191
2010 12 6 507
2010 12 7 469
2010 13 1 64
2010 13 2 111
2010 13 3 466
2010 13 4 242
2010 13 5 166
2010 13 6 347
2010 13 7 387
2010 14 1 209
2010 14 2 103
2010 14 3 100
2010 14 4 126
2010 14 5 175
2010 14 6 481
2010 14 7 483
2010 15 1 106
2010 15 2 99
2010 15 3 131
2010 15 4 167
2010 15 5 192
2010 15 6 460
2010 15 7 569
2010 16 1 91
2010 16 2 130
2010 16 3 113
2010 16 4 146
2010 16 5 229
2010 16 6 509
2010 16 7 599
2010 17 1 110
2010 17 2 111
2010 17 3 177
2010 17 4 178
2010 17 5 628
2010 17 6 363
2010 17 7 400
2010 18 1 390
2010 18 2 210
2010 18 3 174
2010 18 4 153
2010 18 5 182
2010 18 6 447
2010 18 7 466
2010 19 1 159
2010 19 2 87
2010 19 3 144
2010 19 4 139
2010 19 5 222
2010 19 6 517
2010 19 7 482
2010 1 1 65
2010 1 2 93
2010 1 3 69
2010 1 4 67
2010 1 5 121
2010 1 6 315
2010 1 7 334
2010 20 1 124
2010 20 2 124
2010 20 3 138
2010 20 4 175
2010 20 5 210
2010 20 6 496
2010 20 7 516
2010 21 1 113
2010 21 2 130
2010 21 3 146
2010 21 4 166
2010 21 5 252
2010 21 6 569
2010 21 7 584
2010 22 1 486
2010 22 2 278
2010 22 3 145
2010 22 4 149
2010 22 5 186
2010 22 6 472
2010 22 7 540
2010 23 1 86
2010 23 2 118
2010 23 3 131
2010 23 4 157
2010 23 5 167
2010 23 6 343
2010 23 7 331
2010 24 1 228
2010 24 2 258
2010 24 3 330
2010 24 4 140
2010 24 5 215
2010 24 6 400
2010 24 7 557
2010 25 1 117
2010 25 2 106
2010 25 3 151
2010 25 4 163
2010 25 5 266
2010 25 6 509
2010 25 7 529
2010 26 1 116
2010 26 2 119
2010 26 3 648
2010 26 4 198
2010 26 5 167
2010 26 6 383
2010 26 7 461
2010 27 1 167
2010 27 2 76
2010 27 3 120
2010 27 4 118
2010 27 5 202
2010 27 6 667
2010 27 7 466
2010 28 1 297
2010 28 2 106
2010 28 3 127
2010 28 4 183
2010 28 5 183
2010 28 6 423
2010 28 7 482
2010 29 1 96
2010 29 2 180
2010 29 3 147
2010 29 4 145
2010 29 5 190
2010 29 6 461
2010 29 7 530
2010 2 1 66
2010 2 2 66
2010 2 3 68
2010 2 4 78
2010 2 5 192
2010 2 6 347
2010 2 7 339
2010 30 1 101
2010 30 2 110
2010 30 3 152
2010 30 4 146
2010 30 5 248
2010 30 6 925
2010 30 7 516
2010 31 1 107
2010 31 2 96
2010 31 3 117
2010 31 4 131
2010 31 5 205
2010 31 6 479
2010 31 7 558
2010 32 1 115
2010 32 2 180
2010 32 3 141
2010 32 4 146
2010 32 5 223
2010 32 6 544
2010 32 7 558
2010 33 1 298
2010 33 2 158
2010 33 3 181
2010 33 4 153
2010 33 5 293
2010 33 6 499
2010 33 7 552
2010 34 1 105
2010 34 2 122
2010 34 3 193
2010 34 4 174
2010 34 5 224
2010 34 6 527
2010 34 7 605
2010 35 1 205
2010 35 2 583
2010 35 3 209
2010 35 4 129
2010 35 5 160
2010 35 6 455
2010 35 7 496
2010 36 1 70
2010 36 2 105
2010 36 3 122
2010 36 4 163
2010 36 5 249
2010 36 6 485
2010 36 7 544
2010 37 1 93
2010 37 2 105
2010 37 3 180
2010 37 4 171
2010 37 5 219
2010 37 6 539
2010 37 7 429
2010 38 1 174
2010 38 2 148
2010 38 3 244
2010 38 4 353
2010 38 5 444
2010 38 6 345
2010 38 7 344
2010 39 1 117
2010 39 2 145
2010 39 3 182
2010 39 4 618
2010 39 5 246
2010 39 6 254
2010 39 7 301
2010 3 1 56
2010 3 2 72
2010 3 3 131
2010 3 4 80
2010 3 5 137
2010 3 6 326
2010 3 7 360
2010 40 1 187
2010 40 2 227
2010 40 3 265
2010 40 4 433
2010 40 5 203
2010 40 6 209
2010 40 7 438
2010 41 1 115
2010 41 2 111
2010 41 3 136
2010 41 4 135
2010 41 5 292
2010 41 6 538
2010 41 7 554
2010 42 1 127
2010 42 2 125
2010 42 3 192
2010 42 4 158
2010 42 5 247
2010 42 6 528
2010 42 7 554
2010 43 1 169
2010 43 2 140
2010 43 3 146
2010 43 4 194
2010 43 5 297
2010 43 6 673
2010 43 7 1130
2010 44 1 232
2010 44 2 92
2010 44 3 150
2010 44 4 135
2010 44 5 226
2010 44 6 478
2010 44 7 544
2010 45 1 103
2010 45 2 99
2010 45 3 172
2010 45 4 337
2010 45 5 316
2010 45 6 521
2010 45 7 488
2010 46 1 145
2010 46 2 123
2010 46 3 125
2010 46 4 144
2010 46 5 247
2010 46 6 562
2010 46 7 516
2010 47 1 112
2010 47 2 155
2010 47 3 149
2010 47 4 247
2010 47 5 255
2010 47 6 586
2010 47 7 646
2010 48 1 133
2010 48 2 462
2010 48 3 184
2010 48 4 129
2010 48 5 217
2010 48 6 460
2010 48 7 503
2010 49 1 104
2010 49 2 101
2010 49 3 127
2010 49 4 130
2010 49 5 249
2010 49 6 540
2010 49 7 581
2010 4 1 75
2010 4 2 78
2010 4 3 77
2010 4 4 80
2010 4 5 200
2010 4 6 369
2010 4 7 621
2010 50 1 126
2010 50 2 117
2010 50 3 173
2010 50 4 144
2010 50 5 209
2010 50 6 473
2010 50 7 549
2010 51 1 286
2010 51 2 113
2010 51 3 126
2010 51 4 164
2010 51 5 318
2010 51 6 695
2010 51 7 599
2010 52 1 113
2010 52 2 142
2010 52 3 116
2010 52 4 172
2010 52 5 705
2010 52 6 508
2010 52 7 311
2010 5 1 118
2010 5 2 70
2010 5 3 78
2010 5 4 84
2010 5 5 139
2010 5 6 304
2010 5 7 334
2010 6 1 84
2010 6 2 64
2010 6 3 134
2010 6 4 90
2010 6 5 117
2010 6 6 111
2010 6 7 244
2010 7 1 102
2010 7 2 52
2010 7 3 108
2010 7 4 91
2010 7 5 156
2010 7 6 175
2010 7 7 143
2010 8 1 78
2010 8 2 56
2010 8 3 74
2010 8 4 84
2010 8 5 137
2010 8 6 272
2010 8 7 690
2010 9 1 151
2010 9 2 56
2010 9 3 68
2010 9 4 64
2010 9 5 101
2010 9 6 274
2010 9 7 306
2011 10 1 69
2011 10 2 135
2011 10 3 128
2011 10 4 134
2011 10 5 201
2011 10 6 455
2011 10 7 399
2011 11 1 121
2011 11 2 166
2011 11 3 134
2011 11 4 119
2011 11 5 275
2011 11 6 489
2011 11 7 535
2011 12 1 118
2011 12 2 90
2011 12 3 129
2011 12 4 135
2011 12 5 219
2011 12 6 625
2011 12 7 547
2011 13 1 76
2011 13 2 87
2011 13 3 152
2011 13 4 419
2011 13 5 275
2011 13 6 307
2011 13 7 439
2011 14 1 159
2011 14 2 214
2011 14 3 131
2011 14 4 136
2011 14 5 194
2011 14 6 432
2011 14 7 530
2011 15 1 92
2011 15 2 120
2011 15 3 119
2011 15 4 146
2011 15 5 240
2011 15 6 525
2011 15 7 556
2011 16 1 101
2011 16 2 130
2011 16 3 158
2011 16 4 145
2011 16 5 261
2011 16 6 578
2011 16 7 543
2011 17 1 132
2011 17 2 138
2011 17 3 124
2011 17 4 172
2011 17 5 234
2011 17 6 714
2011 17 7 380
2011 18 1 337
2011 18 2 169
2011 18 3 98
2011 18 4 146
2011 18 5 178
2011 18 6 461
2011 18 7 505
2011 19 1 100
2011 19 2 134
2011 19 3 109
2011 19 4 160
2011 19 5 221
2011 19 6 493
2011 19 7 556
2011 1 1 269
2011 1 2 94
2011 1 3 101
2011 1 4 96
2011 1 5 133
2011 1 6 391
2011 1 7 345
2011 20 1 105
2011 20 2 115
2011 20 3 148
2011 20 4 158
2011 20 5 271
2011 20 6 506
2011 20 7 545
2011 21 1 119
2011 21 2 102
2011 21 3 160
2011 21 4 158
2011 21 5 248
2011 21 6 552
2011 21 7 608
2011 22 1 143
2011 22 2 434
2011 22 3 236
2011 22 4 185
2011 22 5 193
2011 22 6 350
2011 22 7 429
2011 23 1 253
2011 23 2 112
2011 23 3 146
2011 23 4 121
2011 23 5 245
2011 23 6 501
2011 23 7 446
2011 24 1 99
2011 24 2 113
2011 24 3 187
2011 24 4 136
2011 24 5 200
2011 24 6 484
2011 24 7 517
2011 25 1 157
2011 25 2 99
2011 25 3 122
2011 25 4 130
2011 25 5 235
2011 25 6 545
2011 25 7 576
2011 26 1 93
2011 26 2 132
2011 26 3 138
2011 26 4 443
2011 26 5 223
2011 26 6 380
2011 26 7 407
2011 27 1 79
2011 27 2 103
2011 27 3 90
2011 27 4 125
2011 27 5 206
2011 27 6 434
2011 27 7 489
2011 28 1 104
2011 28 2 114
2011 28 3 106
2011 28 4 134
2011 28 5 222
2011 28 6 471
2011 28 7 468
2011 29 1 111
2011 29 2 121
2011 29 3 167
2011 29 4 163
2011 29 5 197
2011 29 6 458
2011 29 7 504
2011 2 1 90
2011 2 2 76
2011 2 3 83
2011 2 4 92
2011 2 5 143
2011 2 6 427
2011 2 7 435
2011 30 1 113
2011 30 2 129
2011 30 3 118
2011 30 4 168
2011 30 5 195
2011 30 6 482
2011 30 7 810
2011 31 1 135
2011 31 2 107
2011 31 3 114
2011 31 4 129
2011 31 5 212
2011 31 6 561
2011 31 7 509
2011 32 1 110
2011 32 2 126
2011 32 3 162
2011 32 4 113
2011 32 5 184
2011 32 6 464
2011 32 7 517
2011 33 1 144
2011 33 2 101
2011 33 3 131
2011 33 4 166
2011 33 5 214
2011 33 6 555
2011 33 7 526
2011 34 1 106
2011 34 2 105
2011 34 3 121
2011 34 4 131
2011 34 5 209
2011 34 6 509
2011 34 7 549
2011 35 1 124
2011 35 2 167
2011 35 3 419
2011 35 4 137
2011 35 5 160
2011 35 6 427
2011 35 7 467
2011 36 1 103
2011 36 2 99
2011 36 3 129
2011 36 4 142
2011 36 5 251
2011 36 6 502
2011 36 7 451
2011 37 1 269
2011 37 2 126
2011 37 3 124
2011 37 4 176
2011 37 5 241
2011 37 6 503
2011 37 7 497
2011 38 1 103
2011 38 2 146
2011 38 3 140
2011 38 4 154
2011 38 5 232
2011 38 6 582
2011 38 7 678
2011 39 1 101
2011 39 2 143
2011 39 3 198
2011 39 4 234
2011 39 5 569
2011 39 6 261
2011 39 7 268
2011 3 1 52
2011 3 2 87
2011 3 3 85
2011 3 4 127
2011 3 5 139
2011 3 6 367
2011 3 7 373
2011 40 1 232
2011 40 2 173
2011 40 3 213
2011 40 4 285
2011 40 5 436
2011 40 6 201
2011 40 7 185
2011 41 1 134
2011 41 2 99
2011 41 3 138
2011 41 4 157
2011 41 5 228
2011 41 6 625
2011 41 7 556
2011 42 1 112
2011 42 2 113
2011 42 3 151
2011 42 4 217
2011 42 5 248
2011 42 6 571
2011 42 7 594
2011 43 1 92
2011 43 2 140
2011 43 3 130
2011 43 4 171
2011 43 5 245
2011 43 6 656
2011 43 7 746
2011 44 1 496
2011 44 2 192
2011 44 3 107
2011 44 4 131
2011 44 5 193
2011 44 6 492
2011 44 7 497
2011 45 1 143
2011 45 2 115
2011 45 3 115
2011 45 4 184
2011 45 5 563
2011 45 6 658
2011 45 7 550
2011 46 1 116
2011 46 2 141
2011 46 3 136
2011 46 4 169
2011 46 5 268
2011 46 6 565
2011 46 7 607
2011 47 1 109
2011 47 2 132
2011 47 3 128
2011 47 4 172
2011 47 5 264
2011 47 6 617
2011 47 7 652
2011 48 1 119
2011 48 2 123
2011 48 3 554
2011 48 4 166
2011 48 5 217
2011 48 6 502
2011 48 7 516
2011 49 1 119
2011 49 2 107
2011 49 3 140
2011 49 4 173
2011 49 5 255
2011 49 6 590
2011 49 7 532
2011 4 1 66
2011 4 2 82
2011 4 3 85
2011 4 4 83
2011 4 5 105
2011 4 6 224
2011 4 7 217
2011 50 1 102
2011 50 2 116
2011 50 3 126
2011 50 4 193
2011 50 5 267
2011 50 6 543
2011 50 7 622
2011 51 1 68
2011 51 2 146
2011 51 3 140
2011 51 4 151
2011 51 5 251
2011 51 6 621
2011 51 7 830
2011 52 1 151
2011 52 2 133
2011 52 3 130
2011 52 4 168
2011 52 5 269
2011 52 6 1148
2011 52 7 568
2011 5 1 310
2011 5 2 63
2011 5 3 37
2011 5 4 90
2011 5 5 56
2011 5 6 69
2011 5 7 74
2011 6 1 63
2011 6 2 117
2011 6 3 59
2011 6 4 83
2011 6 5 79
2011 6 6 141
2011 6 7 196
2011 7 1 222
2011 7 2 136
2011 7 3 68
2011 7 4 129
2011 7 5 172
2011 7 6 281
2011 7 7 314
2011 8 1 49
2011 8 2 72
2011 8 3 99
2011 8 4 102
2011 8 5 151
2011 8 6 328
2011 8 7 418
2011 9 1 263
2011 9 2 102
2011 9 3 71
2011 9 4 86
2011 9 5 135
2011 9 6 367
2011 9 7 397
2012 10 1 76
2012 10 2 85
2012 10 3 113
2012 10 4 180
2012 10 5 218
2012 10 6 503
2012 10 7 468
2012 11 1 81
2012 11 2 94
2012 11 3 148
2012 11 4 185
2012 11 5 212
2012 11 6 469
2012 11 7 538
2012 12 1 72
2012 12 2 138
2012 12 3 118
2012 12 4 155
2012 12 5 218
2012 12 6 567
2012 12 7 586
2012 13 1 96
2012 13 2 109
2012 13 3 137
2012 13 4 188
2012 13 5 244
2012 13 6 863
2012 13 7 376
2012 14 1 257
2012 14 2 238
2012 14 3 289
2012 14 4 140
2012 14 5 180
2012 14 6 461
2012 14 7 461
2012 15 1 98
2012 15 2 157
2012 15 3 133
2012 15 4 160
2012 15 5 250
2012 15 6 591
2012 15 7 605
2012 16 1 104
2012 16 2 115
2012 16 3 150
2012 16 4 129
2012 16 5 324
2012 16 6 562
2012 16 7 600
2012 17 1 106
2012 17 2 123
2012 17 3 155
2012 17 4 179
2012 17 5 246
2012 17 6 398
2012 17 7 436
2012 18 1 722
2012 18 2 560
2012 18 3 121
2012 18 4 144
2012 18 5 248
2012 18 6 490
2012 18 7 514
2012 19 1 129
2012 19 2 111
2012 19 3 125
2012 19 4 173
2012 19 5 260
2012 19 6 556
2012 19 7 530
2012 1 1 286
2012 1 2 275
2012 1 3 91
2012 1 4 125
2012 1 5 189
2012 1 6 372
2012 1 7 383
2012 20 1 91
2012 20 2 155
2012 20 3 149
2012 20 4 191
2012 20 5 258
2012 20 6 604
2012 20 7 829
2012 21 1 111
2012 21 2 129
2012 21 3 154
2012 21 4 190
2012 21 5 315
2012 21 6 667
2012 21 7 668
2012 22 1 121
2012 22 2 126
2012 22 3 203
2012 22 4 718
2012 22 5 467
2012 22 6 529
2012 22 7 536
2012 23 1 94
2012 23 2 121
2012 23 3 140
2012 23 4 130
2012 23 5 272
2012 23 6 519
2012 23 7 602
2012 24 1 94
2012 24 2 121
2012 24 3 142
2012 24 4 154
2012 24 5 291
2012 24 6 548
2012 24 7 548
2012 25 1 113
2012 25 2 87
2012 25 3 188
2012 25 4 180
2012 25 5 283
2012 25 6 465
2012 25 7 623
2012 26 1 141
2012 26 2 105
2012 26 3 131
2012 26 4 190
2012 26 5 263
2012 26 6 1246
2012 26 7 606
2012 27 1 190
2012 27 2 99
2012 27 3 102
2012 27 4 151
2012 27 5 226
2012 27 6 436
2012 27 7 406
2012 28 1 80
2012 28 2 151
2012 28 3 100
2012 28 4 144
2012 28 5 202
2012 28 6 491
2012 28 7 651
2012 29 1 86
2012 29 2 91
2012 29 3 109
2012 29 4 145
2012 29 5 250
2012 29 6 493
2012 29 7 463
2012 2 1 93
2012 2 2 164
2012 2 3 94
2012 2 4 120
2012 2 5 174
2012 2 6 375
2012 2 7 396
2012 30 1 96
2012 30 2 101
2012 30 3 175
2012 30 4 179
2012 30 5 253
2012 30 6 578
2012 30 7 560
2012 31 1 131
2012 31 2 651
2012 31 3 243
2012 31 4 121
2012 31 5 184
2012 31 6 449
2012 31 7 420
2012 32 1 86
2012 32 2 85
2012 32 3 140
2012 32 4 115
2012 32 5 277
2012 32 6 475
2012 32 7 489
2012 33 1 77
2012 33 2 96
2012 33 3 273
2012 33 4 150
2012 33 5 267
2012 33 6 530
2012 33 7 525
2012 34 1 140
2012 34 2 120
2012 34 3 168
2012 34 4 337
2012 34 5 253
2012 34 6 554
2012 34 7 627
2012 35 1 93
2012 35 2 139
2012 35 3 142
2012 35 4 236
2012 35 5 1119
2012 35 6 668
2012 35 7 410
2012 36 1 68
2012 36 2 93
2012 36 3 121
2012 36 4 145
2012 36 5 205
2012 36 6 469
2012 36 7 464
2012 37 1 128
2012 37 2 100
2012 37 3 139
2012 37 4 133
2012 37 5 204
2012 37 6 590
2012 37 7 520
2012 38 1 89
2012 38 2 99
2012 38 3 144
2012 38 4 209
2012 38 5 262
2012 38 6 577
2012 38 7 644
2012 39 1 91
2012 39 2 162
2012 39 3 178
2012 39 4 209
2012 39 5 280
2012 39 6 463
2012 39 7 1172
2012 3 1 68
2012 3 2 69
2012 3 3 113
2012 3 4 82
2012 3 5 159
2012 3 6 114
2012 3 7 82
2012 40 1 333
2012 40 2 204
2012 40 3 223
2012 40 4 198
2012 40 5 241
2012 40 6 417
2012 40 7 566
2012 41 1 170
2012 41 2 108
2012 41 3 223
2012 41 4 125
2012 41 5 212
2012 41 6 441
2012 41 7 459
2012 42 1 127
2012 42 2 89
2012 42 3 129
2012 42 4 145
2012 42 5 236
2012 42 6 596
2012 42 7 502
2012 43 1 85
2012 43 2 98
2012 43 3 139
2012 43 4 145
2012 43 5 235
2012 43 6 512
2012 43 7 539
2012 44 1 87
2012 44 2 130
2012 44 3 759
2012 44 4 248
2012 44 5 179
2012 44 6 396
2012 44 7 379
2012 45 1 65
2012 45 2 60
2012 45 3 89
2012 45 4 128
2012 45 5 162
2012 45 6 458
2012 45 7 536
2012 46 1 59
2012 46 2 67
2012 46 3 89
2012 46 4 117
2012 46 5 137
2012 46 6 230
2012 46 7 207
2012 47 1 16
2012 47 2 2
2012 4 1 75
2012 4 2 44
2012 4 3 56
2012 4 4 82
2012 4 5 106
2012 4 6 162
2012 4 7 150
2012 5 1 91
2012 5 2 424
2012 5 3 100
2012 5 4 50
2012 5 5 86
2012 5 6 212
2012 5 7 235
2012 6 1 105
2012 6 2 83
2012 6 3 77
2012 6 4 70
2012 6 5 173
2012 6 6 308
2012 6 7 351
2012 7 1 86
2012 7 2 396
2012 7 3 229
2012 7 4 115
2012 7 5 150
2012 7 6 400
2012 7 7 374
2012 8 1 72
2012 8 2 74
2012 8 3 108
2012 8 4 116
2012 8 5 182
2012 8 6 478
2012 8 7 470
2012 9 1 72
2012 9 2 139
2012 9 3 508
2012 9 4 178
2012 9 5 170
2012 9 6 413
2012 9 7 391
