2008 10 39 79
2008 10 40 150
2008 10 41 172
2008 10 42 176
2008 10 43 241
2008 11 43 66
2008 11 44 196
2008 11 45 204
2008 11 46 181
2008 11 47 181
2008 11 48 117
2008 12 48 129
2008 12 49 158
2008 12 50 192
2008 12 51 227
2008 12 52 197
2008 1 01 11
2008 1 02 43
2008 1 03 46
2008 1 04 19
2008 2 04 6
2008 2 05 19
2008 2 06 33
2008 2 07 39
2008 2 08 45
2008 3 08 21
2008 3 09 61
2008 3 10 52
2008 3 11 60
2008 3 12 65
2008 3 13 62
2008 4 13 59
2008 4 14 85
2008 4 15 117
2008 4 16 105
2008 4 17 68
2008 5 17 73
2008 5 18 79
2008 5 19 123
2008 5 20 130
2008 5 21 142
2008 6 22 124
2008 6 23 125
2008 6 24 104
2008 6 25 130
2008 6 26 90
2008 7 26 98
2008 7 27 98
2008 7 28 121
2008 7 29 149
2008 7 30 93
2008 8 30 28
2008 8 31 104
2008 8 32 79
2008 8 33 75
2008 8 34 125
2008 8 35 84
2008 9 35 74
2008 9 36 91
2008 9 37 140
2008 9 38 120
2008 9 39 157
2009 10 39 70
2009 10 40 267
2009 10 41 286
2009 10 42 324
2009 10 43 382
2009 11 44 324
2009 11 45 352
2009 11 46 314
2009 11 47 342
2009 11 48 224
2009 12 48 189
2009 12 49 323
2009 12 50 344
2009 12 51 440
2009 12 52 308
2009 1 00 134
2009 1 01 120
2009 1 02 150
2009 1 03 116
2009 1 04 97
2009 2 05 72
2009 2 06 144
2009 2 07 174
2009 2 08 205
2009 3 09 173
2009 3 10 186
2009 3 11 183
2009 3 12 267
2009 3 13 132
2009 4 13 121
2009 4 14 288
2009 4 15 262
2009 4 16 261
2009 4 17 235
2009 5 17 97
2009 5 18 260
2009 5 19 284
2009 5 20 291
2009 5 21 353
2009 5 22 97
2009 6 22 203
2009 6 23 286
2009 6 24 299
2009 6 25 263
2009 6 26 196
2009 7 26 115
2009 7 27 219
2009 7 28 271
2009 7 29 239
2009 7 30 256
2009 8 30 70
2009 8 31 207
2009 8 32 263
2009 8 33 317
2009 8 34 282
2009 8 35 188
2009 9 35 141
2009 9 36 252
2009 9 37 246
2009 9 38 283
2009 9 39 174
2010 10 39 82
2010 10 40 385
2010 10 41 372
2010 10 42 414
2010 10 43 470
2010 10 44 206
2010 11 44 274
2010 11 45 443
2010 11 46 420
2010 11 47 479
2010 11 48 254
2010 12 48 236
2010 12 49 389
2010 12 50 415
2010 12 51 457
2010 12 52 446
2010 1 00 129
2010 1 01 247
2010 1 02 262
2010 1 03 279
2010 1 04 297
2010 1 05 121
2010 2 05 151
2010 2 06 168
2010 2 07 168
2010 2 08 143
2010 2 09 130
2010 3 09 170
2010 3 10 233
2010 3 11 373
2010 3 12 380
2010 3 13 243
2010 4 13 185
2010 4 14 383
2010 4 15 395
2010 4 16 406
2010 4 17 427
2010 5 17 76
2010 5 18 520
2010 5 19 458
2010 5 20 449
2010 5 21 458
2010 5 22 207
2010 6 22 293
2010 6 23 392
2010 6 24 464
2010 6 25 446
2010 6 26 316
2010 7 26 178
2010 7 27 366
2010 7 28 414
2010 7 29 393
2010 7 30 474
2010 8 31 384
2010 8 32 433
2010 8 33 416
2010 8 34 462
2010 8 35 290
2010 9 35 251
2010 9 36 412
2010 9 37 420
2010 9 38 478
2010 9 39 298
2011 10 39 57
2011 10 40 386
2011 10 41 325
2011 10 42 473
2011 10 43 472
2011 10 44 218
2011 11 44 283
2011 11 45 497
2011 11 46 474
2011 11 47 485
2011 11 48 300
2011 12 48 201
2011 12 49 440
2011 12 50 471
2011 12 51 475
2011 12 52 533
2011 1 00 91
2011 1 01 343
2011 1 02 313
2011 1 03 336
2011 1 04 235
2011 1 05 83
2011 2 05 42
2011 2 06 96
2011 2 07 214
2011 2 08 218
2011 2 09 140
2011 3 09 168
2011 3 10 320
2011 3 11 373
2011 3 12 397
2011 3 13 267
2011 4 13 114
2011 4 14 401
2011 4 15 413
2011 4 16 457
2011 4 17 445
2011 5 18 422
2011 5 19 390
2011 5 20 446
2011 5 21 422
2011 5 22 246
2011 6 22 203
2011 6 23 436
2011 6 24 361
2011 6 25 423
2011 6 26 314
2011 7 26 134
2011 7 27 309
2011 7 28 382
2011 7 29 368
2011 7 30 422
2011 7 31 165
2011 8 31 256
2011 8 32 387
2011 8 33 431
2011 8 34 391
2011 8 35 260
2011 9 35 191
2011 9 36 429
2011 9 37 474
2011 9 38 453
2011 9 39 402
2012 10 40 387
2012 10 41 394
2012 10 42 436
2012 10 43 436
2012 10 44 284
2012 11 44 209
2012 11 45 298
2012 11 46 285
2012 11 47 60
2012 1 01 392
2012 1 02 347
2012 1 03 198
2012 1 04 95
2012 1 05 87
2012 2 05 95
2012 2 06 250
2012 2 07 399
2012 2 08 375
2012 2 09 225
2012 3 09 200
2012 3 10 387
2012 3 11 412
2012 3 12 419
2012 3 13 497
2012 4 14 462
2012 4 15 466
2012 4 16 477
2012 4 17 422
2012 4 18 225
2012 5 18 400
2012 5 19 534
2012 5 20 488
2012 5 21 582
2012 5 22 410
2012 6 22 207
2012 6 23 440
2012 6 24 453
2012 6 25 439
2012 6 26 534
2012 7 27 414
2012 7 28 395
2012 7 29 422
2012 7 30 495
2012 7 31 265
2012 8 31 261
2012 8 32 448
2012 8 33 471
2012 8 34 511
2012 8 35 469
2012 9 35 156
2012 9 36 415
2012 9 37 470
2012 9 38 499
2012 9 39 558
2012 9 40 197
